3,4,-129,31
4,4,-129,31
5,4,-129,31
6,4,-129,31
7,4,-129,31
8,4,-129,31
9,4,-129,31
10,4,-129,31
11,4,-129,31
12,4,-129,31
13,4,-129,31
14,4,-129,31
15,4,-129,31
16,4,-129,31
17,4,-129,31
18,4,-129,31
19,4,-129,31
20,4,-129,31
21,4,-129,31
22,4,-129,31
23,4,-129,31
24,4,-129,31
25,4,-129,31
26,4,-129,31
27,4,-129,31
28,4,-129,31
29,4,-129,31
30,4,-129,31
31,4,-129,31
32,4,-129,31
33,4,-129,31
34,4,-129,31
35,4,-129,31
36,4,-129,31
37,4,-129,31
38,4,-129,31
39,4,-129,31
40,4,-129,31
41,4,-129,31
42,4,-129,31
43,4,-129,31
44,4,-129,31
45,4,-129,31
46,4,-129,31
47,4,-129,31
48,4,-129,31
49,4,-129,31
50,4,-129,31
51,4,-129,31
52,4,-129,31
53,4,-129,31
54,4,-129,31
55,4,-129,31
56,4,-129,31
57,4,-129,31
58,4,-129,31
59,4,-129,31
60,4,-129,31
61,4,-129,31
62,4,-129,31
63,4,-129,31
64,4,-129,31
65,4,-129,31
66,4,-129,31
67,4,-129,31
68,4,-129,31
69,4,-129,31
70,4,-129,31
71,4,-129,31
72,4,-129,31
73,4,-129,31
74,4,-129,31
75,4,-129,31
76,4,-129,31
77,4,-129,31
78,4,-129,31
79,4,-129,31
80,4,-129,31
81,4,-129,31
82,4,-129,31
83,4,-129,31
84,4,-129,31
85,4,-129,31
86,4,-129,31
87,4,-129,31
88,4,-129,31
89,4,-129,31
90,4,-129,31
91,4,-129,31
92,4,-129,31
93,4,-129,31
94,4,-129,31
95,4,-129,31
96,4,-129,31
97,4,-129,31
98,4,-129,31
99,4,-129,31
100,4,-129,31
101,4,-129,31
102,4,-129,31
103,4,-129,31
104,4,-129,31
105,4,-129,31
106,4,-129,31
107,4,-129,31
108,4,-129,31
109,4,-129,31
110,4,-129,31
111,4,-129,31
112,4,-129,31
113,4,-129,31
114,4,-129,31
115,4,-129,31
116,4,-129,31
117,4,-129,31
118,4,-129,31
119,4,-129,31
120,4,-129,31
121,4,-129,31
122,4,-129,31
123,4,-129,31
124,4,-129,31
125,4,-129,31
126,4,-129,31
127,4,-129,31
128,4,-129,31
129,4,-129,31
130,4,-129,31
131,4,-129,31
132,4,-129,31
133,4,-129,31
134,4,-129,31
184,0,-120,-2
185,0,-120,-2
186,0,-120,-2
187,0,-120,-2
188,0,-120,-2
189,0,-120,-2
190,0,-120,-2
191,0,-120,-2
192,0,-120,-2
193,0,-120,-2
194,0,-120,-2
195,0,-120,-2
196,0,-120,-2
197,0,-120,-2
198,0,-120,-2
199,0,-120,-2
200,0,-120,-2
201,0,-120,-2
202,0,-120,-2
203,0,-120,-2
204,0,-120,-2
205,0,-120,-2
206,0,-120,-2
207,0,-120,-2
208,0,-120,-2
209,0,-120,-2
210,0,-120,-2
211,0,-120,-2
212,0,-120,-2
213,0,-120,-2
214,0,-120,-2
215,0,-120,-2
216,0,-120,-2
217,0,-120,-2
218,0,-120,-2
219,0,-120,-2
220,0,-120,-2
221,0,-120,-2
222,0,-120,-2
223,0,-120,-2
224,0,-120,-2
225,0,-120,-2
226,0,-120,-2
227,0,-120,-2
228,0,-120,-2
229,0,-120,-2
230,0,-120,-2
231,0,-120,-2
232,0,-120,-2
233,0,-120,-2
234,0,-120,-2
235,0,-120,-2
236,0,-120,-2
237,0,-120,-2
238,0,-120,-2
239,0,-120,-2
240,0,-120,-2
241,0,-120,-2
242,0,-120,-2
243,0,-120,-2
244,0,-120,-2
245,0,-120,-2
246,0,-120,-2
247,0,-120,-2
248,0,-120,-2
249,0,-120,-2
250,0,-120,-2
251,0,-120,-2
252,0,-120,-2
253,0,-120,-2
254,0,-120,-2
255,0,-120,-2
256,0,-120,-2
257,0,-120,-2
258,0,-120,-2
259,0,-120,-2
260,0,-120,-2
261,0,-120,-2
262,0,-120,-2
263,0,-120,-2
264,0,-120,-2
265,0,-120,-2
266,0,-120,-2
267,0,-120,-2
268,0,-120,-2
269,0,-120,-2
270,0,-120,-2
271,0,-120,-2
272,0,-120,-2
273,0,-120,-2
274,0,-120,-2
275,0,-120,-2
276,0,-120,-2
277,0,-120,-2
278,0,-120,-2
279,0,-120,-2
280,0,-120,-2
281,0,-120,-2
282,0,-120,-2
283,0,-120,-2
284,0,-120,-2
285,0,-120,-2
286,0,-120,-2
287,0,-120,-2
288,0,-120,-2
289,0,-120,-2
290,0,-120,-2
291,0,-120,-2
292,0,-120,-2
293,0,-120,-2
294,0,-120,-2
295,0,-120,-2
296,0,-120,-2
297,0,-120,-2
298,0,-120,-2
299,0,-120,-2
347,9,159,-2
348,9,159,-2
349,9,159,-2
350,9,159,-2
351,9,159,-2
352,9,159,-2
353,9,159,-2
354,9,159,-2
355,9,159,-2
356,9,159,-2
357,9,159,-2
358,9,159,-2
359,9,159,-2
360,9,159,-2
361,9,159,-2
362,9,159,-2
363,9,159,-2
364,9,159,-2
365,9,159,-2
366,9,159,-2
367,9,159,-2
368,9,159,-2
369,9,159,-2
370,9,159,-2
371,9,159,-2
372,9,159,-2
373,9,159,-2
374,9,159,-2
375,9,159,-2
376,9,159,-2
377,9,159,-2
378,9,159,-2
379,9,159,-2
380,9,159,-2
405,8,156,-1
406,8,156,-1
407,8,156,-1
408,8,156,-1
409,8,156,-1
410,8,156,-1
411,8,156,-1
412,8,156,-1
413,8,156,-1
414,8,156,-1
415,8,156,-1
416,8,156,-1
417,8,156,-1
418,8,156,-1
419,8,156,-1
420,8,156,-1
421,8,156,-1
430,1,-115,4
431,1,-115,4
432,1,-115,4
433,1,-115,4
434,1,-115,4
435,1,-115,4
436,1,-115,4
437,1,-115,4
438,1,-115,4
439,1,-115,4
440,1,-115,4
467,2,-124,4
468,2,-124,4
469,2,-124,4
470,2,-124,4
471,2,-124,4
472,2,-124,4
473,2,-124,4
474,2,-124,4
475,2,-124,4
476,2,-124,4
477,2,-124,4
478,2,-124,4
479,2,-124,4
480,2,-124,4
481,2,-124,4
482,2,-124,4
483,2,-124,4
484,2,-124,4
485,2,-124,4
486,2,-124,4
487,2,-124,4
488,2,-124,4
489,2,-124,4
490,2,-124,4
490,6,0,17
491,6,0,17
492,6,0,17
493,6,0,17
494,6,0,17
495,6,0,17
496,6,0,17
497,6,0,17
498,6,0,17
499,6,0,17
500,6,0,17
501,6,0,17
502,6,0,17
503,6,0,17
504,6,0,17
505,6,0,17
506,6,0,17
507,6,0,17
508,6,0,17
509,6,0,17
510,6,0,17
511,6,0,17
512,6,0,17
513,6,0,17
514,6,0,17
515,6,0,17
516,6,0,17
517,6,0,17
518,6,0,17
519,6,0,17
520,6,0,17
521,6,0,17
522,6,0,17
523,6,0,17
524,6,0,17
525,6,0,17
526,6,0,17
527,6,0,17
528,6,0,17
529,6,0,17
530,6,0,17
531,6,0,17
532,6,0,17
532,7,-128,-1
533,7,-128,-1
534,7,-128,-1
535,7,-128,-1
536,7,-128,-1
537,7,-128,-1
538,7,-128,-1
539,7,-128,-1
540,7,-128,-1
541,7,-128,-1
542,7,-128,-1
543,7,-128,-1
544,7,-128,-1
545,7,-128,-1
546,7,-128,-1
547,7,-128,-1
548,7,-128,-1
549,7,-128,-1
550,7,-128,-1
551,7,-128,-1
552,7,-128,-1
553,7,-128,-1
554,7,-128,-1
555,7,-128,-1
556,7,-128,-1
557,7,-128,-1
558,7,-128,-1
559,7,-128,-1
560,7,-128,-1
561,7,-128,-1
562,7,-128,-1
563,7,-128,-1
564,7,-128,-1
565,7,-128,-1
565,5,-97,-2
566,7,-128,-1
566,5,-97,-2
567,7,-128,-1
567,5,-97,-2
568,7,-128,-1
568,5,-97,-2
569,7,-128,-1
569,5,-97,-2
570,7,-128,-1
570,5,-97,-2
571,7,-128,-1
571,5,-97,-2
572,7,-128,-1
572,5,-97,-2
573,7,-128,-1
573,5,-97,-2
574,7,-128,-1
574,5,-97,-2
575,7,-128,-1
575,5,-97,-2
576,7,-128,-1
576,5,-97,-2
577,7,-128,-1
577,5,-97,-2
578,7,-128,-1
578,5,-97,-2
579,7,-128,-1
579,5,-97,-2
580,7,-128,-1
580,5,-97,-2
581,7,-128,-1
581,5,-97,-2
582,7,-128,-1
582,5,-97,-2
583,7,-128,-1
583,5,-97,-2
584,7,-128,-1
584,5,-97,-2
585,7,-128,-1
585,5,-97,-2
586,7,-128,-1
586,5,-97,-2
587,7,-128,-1
587,5,-97,-2
588,7,-128,-1
589,7,-128,-1
590,7,-128,-1
591,7,-128,-1
592,7,-128,-1
593,7,-128,-1
594,7,-128,-1
595,7,-128,-1
596,7,-128,-1
597,7,-128,-1
598,7,-128,-1
599,7,-128,-1
600,7,-128,-1
601,7,-128,-1
602,7,-128,-1
603,7,-128,-1
604,7,-128,-1
605,7,-128,-1
606,7,-128,-1
607,7,-128,-1
608,7,-128,-1
609,7,-128,-1
610,7,-128,-1
611,7,-128,-1
612,7,-128,-1
613,7,-128,-1
614,7,-128,-1
615,7,-128,-1
616,7,-128,-1
617,7,-128,-1
618,7,-128,-1
619,7,-128,-1
620,7,-128,-1
621,7,-128,-1
622,7,-128,-1
623,7,-128,-1
624,7,-128,-1
625,7,-128,-1
626,7,-128,-1
627,7,-128,-1
628,7,-128,-1
629,7,-128,-1
630,7,-128,-1
631,7,-128,-1
632,7,-128,-1
633,7,-128,-1
634,7,-128,-1
658,0,-143,-39
659,0,-143,-39
660,0,-143,-39
661,0,-143,-39
662,0,-143,-39
663,0,-143,-39
664,0,-143,-39
665,0,-143,-39
666,0,-143,-39
667,0,-143,-39
668,0,-143,-39
669,0,-143,-39
670,0,-143,-39
671,0,-143,-39
672,0,-143,-39
673,0,-143,-39
674,0,-143,-39
675,0,-143,-39
676,0,-143,-39
677,0,-143,-39
678,0,-143,-39
679,0,-143,-39
680,0,-143,-39
681,0,-143,-39
682,0,-143,-39
683,0,-143,-39
684,0,-143,-39
685,0,-143,-39
686,0,-143,-39
687,0,-143,-39
688,0,-143,-39
689,0,-143,-39
690,0,-143,-39
691,0,-143,-39
692,0,-143,-39
693,0,-143,-39
694,0,-143,-39
695,0,-143,-39
696,0,-143,-39
697,0,-143,-39
698,0,-143,-39
699,0,-143,-39
700,0,-143,-39
701,0,-143,-39
702,0,-143,-39
703,0,-143,-39
704,0,-143,-39
850,5,128,-11
851,5,128,-11
852,5,128,-11
853,5,128,-11
854,5,128,-11
855,5,128,-11
856,5,128,-11
857,5,128,-11
858,5,128,-11
859,5,128,-11
860,5,128,-11
861,5,128,-11
862,5,128,-11
863,5,128,-11
864,5,128,-11
865,5,128,-11
866,5,128,-11
867,5,128,-11
868,5,128,-11
869,5,128,-11
870,5,128,-11
871,5,128,-11
872,5,128,-11
873,5,128,-11
874,5,128,-11
875,5,128,-11
876,5,128,-11
877,5,128,-11
878,5,128,-11
879,5,128,-11
880,5,128,-11
881,5,128,-11
882,5,128,-11
883,5,128,-11
884,5,128,-11
885,5,128,-11
886,5,128,-11
887,5,128,-11
888,5,128,-11
889,5,128,-11
890,5,128,-11
891,5,128,-11
892,5,128,-11
893,5,128,-11
894,5,128,-11
895,5,128,-11
896,5,128,-11
897,5,128,-11
898,5,128,-11
899,5,128,-11
900,5,128,-11
901,5,128,-11
902,5,128,-11
903,5,128,-11
904,5,128,-11
905,5,128,-11
906,5,128,-11
907,5,128,-11
908,5,128,-11
909,5,128,-11
910,5,128,-11
911,5,128,-11
912,5,128,-11
913,5,128,-11
914,5,128,-11
915,5,128,-11
916,5,128,-11
917,5,128,-11
918,5,128,-11
919,5,128,-11
920,5,128,-11
921,5,128,-11
922,5,128,-11
923,5,128,-11
924,5,128,-11
925,5,128,-11
926,5,128,-11
927,5,128,-11
928,5,128,-11
929,5,128,-11
930,5,128,-11
931,5,128,-11
932,5,128,-11
933,5,128,-11
934,5,128,-11
935,5,128,-11
936,5,128,-11
937,5,128,-11
938,5,128,-11
939,5,128,-11
940,5,128,-11
941,5,128,-11
942,5,128,-11
943,5,128,-11
944,5,128,-11
945,5,128,-11
946,5,128,-11
947,5,128,-11
948,5,128,-11
949,5,128,-11
950,5,128,-11
951,5,128,-11
952,5,128,-11
953,5,128,-11
954,5,128,-11
955,5,128,-11
956,5,128,-11
957,5,128,-11
958,5,128,-11
959,5,128,-11
960,5,128,-11
961,5,128,-11
962,5,128,-11
963,5,128,-11
964,5,128,-11
965,5,128,-11
966,5,128,-11
967,5,128,-11
968,5,128,-11
969,5,128,-11
970,5,128,-11
971,5,128,-11
972,5,128,-11
973,5,128,-11
974,5,128,-11
975,5,128,-11
976,5,128,-11
977,5,128,-11
978,5,128,-11
979,5,128,-11
980,5,128,-11
981,5,128,-11
982,5,128,-11
983,5,128,-11
984,5,128,-11
985,5,128,-11
986,5,128,-11
1010,2,165,7
1011,2,165,7
1012,2,165,7
1013,2,165,7
1014,2,165,7
1015,2,165,7
1016,2,165,7
1017,2,165,7
1018,2,165,7
1019,2,165,7
1020,2,165,7
1021,2,165,7
1022,2,165,7
1023,2,165,7
1024,2,165,7
1025,2,165,7
1026,2,165,7
1027,2,165,7
1028,2,165,7
1029,2,165,7
1030,2,165,7
1031,2,165,7
1032,2,165,7
1033,2,165,7
1034,2,165,7
1035,2,165,7
1036,2,165,7
1037,2,165,7
1038,2,165,7
1039,2,165,7
1040,2,165,7
1041,2,165,7
1042,2,165,7
1043,2,165,7
1044,2,165,7
1045,2,165,7
1046,2,165,7
1047,2,165,7
1048,2,165,7
1049,2,165,7
1050,2,165,7
1051,2,165,7
1052,2,165,7
1053,2,165,7
1054,2,165,7
1112,2,49,-21
1113,2,49,-21
1114,2,49,-21
1115,2,49,-21
1116,2,49,-21
1117,2,49,-21
1118,2,49,-21
1119,2,49,-21
1120,2,49,-21
1121,2,49,-21
1122,2,49,-21
1123,2,49,-21
1124,2,49,-21
1125,2,49,-21
1126,2,49,-21
1127,2,49,-21
1128,2,49,-21
1199,4,171,9
1200,4,171,9
1201,4,171,9
1202,4,171,9
1203,4,171,9
1204,4,171,9
1205,4,171,9
1206,4,171,9
1207,4,171,9
1208,4,171,9
1209,4,171,9
1210,4,171,9
1211,4,171,9
1212,4,171,9
1213,4,171,9
1214,4,171,9
1215,4,171,9
1216,4,171,9
1217,4,171,9
1218,4,171,9
1219,4,171,9
1220,4,171,9
1221,4,171,9
1222,4,171,9
1223,4,171,9
1224,4,171,9
1225,4,171,9
1226,4,171,9
1227,4,171,9
1228,4,171,9
1229,4,171,9
1230,4,171,9
1231,4,171,9
1232,4,171,9
1283,10,160,-4
1284,10,160,-4
1285,10,160,-4
1286,10,160,-4
1287,10,160,-4
1288,10,160,-4
1289,10,160,-4
1290,10,160,-4
1291,10,160,-4
1292,10,160,-4
1293,10,160,-4
1294,10,160,-4
1295,10,160,-4
1296,10,160,-4
1297,10,160,-4
1298,10,160,-4
1299,10,160,-4
1300,10,160,-4
1301,10,160,-4
1302,10,160,-4
1303,10,160,-4
1304,10,160,-4
1305,10,160,-4
1306,10,160,-4
1339,4,50,15
1340,4,50,15
1341,4,50,15
1342,4,50,15
1343,4,50,15
1344,4,50,15
1345,4,50,15
1346,4,50,15
1347,4,50,15
1348,4,50,15
1349,4,50,15
1350,4,50,15
1351,4,50,15
1352,4,50,15
1353,4,50,15
1354,4,50,15
1355,4,50,15
1356,4,50,15
1357,4,50,15
1358,4,50,15
1359,4,50,15
1360,4,50,15
1361,4,50,15
1388,4,45,18
1389,4,45,18
1390,4,45,18
1391,4,45,18
1392,4,45,18
1393,4,45,18
1394,4,45,18
1395,4,45,18
1408,1,-120,-6
1409,1,-120,-6
1410,1,-120,-6
1411,1,-120,-6
1412,1,-120,-6
1413,1,-120,-6
1414,1,-120,-6
1415,1,-120,-6
1416,2,-147,16
1417,2,-147,16
1418,2,-147,16
1419,2,-147,16
1420,2,-147,16
1421,2,-147,16
1422,2,-147,16
1423,2,-147,16
1424,2,-147,16
1425,2,-147,16
1426,2,-147,16
1427,2,-147,16
1428,2,-147,16
1429,2,-147,16
1430,2,-147,16
1431,2,-147,16
1432,2,-147,16
1433,2,-147,16
1434,2,-147,16
1435,2,-147,16
1436,2,-147,16
1437,2,-147,16
1438,2,-147,16
1439,2,-147,16
1440,2,-147,16
1441,2,-147,16
1442,2,-147,16
1443,2,-147,16
1444,2,-147,16
1445,2,-147,16
1446,2,-147,16
1447,2,-147,16
1448,2,-147,16
1449,2,-147,16
1450,2,-147,16
1451,2,-147,16
1452,2,-147,16
1453,2,-147,16
1454,2,-147,16
1455,2,-147,16
1456,2,-147,16
1457,2,-147,16
1458,2,-147,16
1459,2,-147,16
1460,2,-147,16
1461,2,-147,16
1462,2,-147,16
1463,2,-147,16
1464,2,-147,16
1465,2,-147,16
1466,2,-147,16
1467,2,-147,16
1468,2,-147,16
1469,2,-147,16
1470,2,-147,16
1471,2,-147,16
1472,2,-147,16
1473,2,-147,16
1474,2,-147,16
1475,2,-147,16
1476,2,-147,16
1477,2,-147,16
1478,2,-147,16
1479,2,-147,16
1480,2,-147,16
1481,2,-147,16
1482,2,-147,16
1483,2,-147,16
1484,2,-147,16
1485,2,-147,16
1486,2,-147,16
1487,2,-147,16
1488,2,-147,16
1489,2,-147,16
1490,2,-147,16
1491,2,-147,16
1492,2,-147,16
1563,1,119,-12
1564,1,119,-12
1565,1,119,-12
1566,1,119,-12
1567,1,119,-12
1568,1,119,-12
1569,1,119,-12
1570,1,119,-12
1571,1,119,-12
1572,1,119,-12
1573,1,119,-12
1574,1,119,-12
1575,1,119,-12
1576,1,119,-12
1577,1,119,-12
1578,1,119,-12
1579,1,119,-12
1580,1,119,-12
1581,1,119,-12
1582,1,119,-12
1583,1,119,-12
1584,1,119,-12
1585,1,119,-12
1586,1,119,-12
1587,1,119,-12
1588,1,119,-12
1589,1,119,-12
1590,1,119,-12
1591,1,119,-12
1592,1,119,-12
1593,1,119,-12
1594,1,119,-12
1595,1,119,-12
1596,1,119,-12
1597,1,119,-12
1598,1,119,-12
1599,1,119,-12
1600,1,119,-12
1601,1,119,-12
1602,1,119,-12
1603,1,119,-12
1604,1,119,-12
1605,1,119,-12
1606,1,119,-12
1607,1,119,-12
1608,1,119,-12
1609,1,119,-12
1610,1,119,-12
1611,1,119,-12
1612,1,119,-12
1613,1,119,-12
1614,1,119,-12
1615,1,119,-12
1616,1,119,-12
1617,1,119,-12
1618,1,119,-12
1619,1,119,-12
1620,1,119,-12
1621,1,119,-12
1622,1,119,-12
1623,1,119,-12
1624,1,119,-12
1625,1,119,-12
1626,1,119,-12
1627,1,119,-12
1628,1,119,-12
1629,1,119,-12
1630,1,119,-12
1631,1,119,-12
1632,1,119,-12
1633,1,119,-12
1634,1,119,-12
1635,1,119,-12
1636,1,119,-12
1637,1,119,-12
1638,1,119,-12
1639,1,119,-12
1640,1,119,-12
1641,1,119,-12
1642,1,119,-12
1643,1,119,-12
1644,1,119,-12
1645,1,119,-12
1646,1,119,-12
1647,1,119,-12
1648,1,119,-12
1649,1,119,-12
1650,1,119,-12
1651,1,119,-12
1652,1,119,-12
1653,1,119,-12
1654,1,119,-12
1655,1,119,-12
1656,1,119,-12
1657,1,119,-12
1658,1,119,-12
1659,1,119,-12
1660,1,119,-12
1661,1,119,-12
1662,1,119,-12
1663,1,119,-12
1664,1,119,-12
1665,1,119,-12
1666,1,119,-12
1667,1,119,-12
1668,1,119,-12
1669,1,119,-12
1670,1,119,-12
1671,1,119,-12
1672,1,119,-12
1673,1,119,-12
1674,1,119,-12
1675,1,119,-12
1676,1,119,-12
1677,1,119,-12
1678,1,119,-12
1679,1,119,-12
1680,1,119,-12
1681,1,119,-12
1682,1,119,-12
1683,1,119,-12
1684,1,119,-12
1685,1,119,-12
1686,1,119,-12
1687,1,119,-12
1688,1,119,-12
1689,1,119,-12
1690,1,119,-12
1691,1,119,-12
1692,1,119,-12
1693,1,119,-12
1694,1,119,-12
1695,1,119,-12
1696,1,119,-12
1697,1,119,-12
1698,1,119,-12
1709,0,-107,-3
1710,0,-107,-3
1711,0,-107,-3
1712,0,-107,-3
1713,0,-107,-3
1714,0,-107,-3
1715,0,-107,-3
1716,0,-107,-3
1717,0,-107,-3
1718,0,-107,-3
1719,0,-107,-3
1720,0,-107,-3
1721,0,-107,-3
1722,0,-107,-3
1723,0,-107,-3
1724,0,-107,-3
1725,0,-107,-3
1726,0,-107,-3
1727,0,-107,-3
1728,0,-107,-3
1729,0,-107,-3
1730,0,-107,-3
1731,0,-107,-3
1732,0,-107,-3
1733,0,-107,-3
1734,0,-107,-3
1735,0,-107,-3
1736,0,-107,-3
1737,0,-107,-3
1738,0,-107,-3
1739,0,-107,-3
1769,9,129,0
1770,9,129,0
1771,9,129,0
1772,9,129,0
1773,9,129,0
1774,9,129,0
1775,9,129,0
1776,9,129,0
1777,9,129,0
1778,9,129,0
1779,9,129,0
1780,9,129,0
1781,9,129,0
1782,9,129,0
1783,9,129,0
1784,9,129,0
1785,9,129,0
1786,9,129,0
1787,9,129,0
1788,9,129,0
1789,9,129,0
1790,9,129,0
1791,9,129,0
1792,9,129,0
1793,9,129,0
1794,9,129,0
1795,9,129,0
1796,9,129,0
1797,9,129,0
1798,9,129,0
1799,9,129,0
1800,9,129,0
1801,9,129,0
1802,9,129,0
1803,9,129,0
1804,9,129,0
1805,9,129,0
1806,9,129,0
1807,9,129,0
1808,9,129,0
1809,9,129,0
1810,9,129,0
1811,9,129,0
1812,9,129,0
1813,9,129,0
1814,9,129,0
1815,9,129,0
1816,9,129,0
1817,9,129,0
1818,9,129,0
1819,9,129,0
1820,9,129,0
1821,9,129,0
1822,9,129,0
1823,9,129,0
1824,9,129,0
1825,9,129,0
1826,9,129,0
1827,9,129,0
1828,9,129,0
1829,9,129,0
1830,9,129,0
1831,9,129,0
1832,9,129,0
1833,9,129,0
1834,9,129,0
1835,9,129,0
1836,9,129,0
1837,9,129,0
1838,9,129,0
1839,9,129,0
1909,7,138,0
1910,7,138,0
1911,7,138,0
1912,7,138,0
1913,7,138,0
1914,7,138,0
1915,7,138,0
1916,7,138,0
1917,7,138,0
1918,7,138,0
1919,7,138,0
1920,7,138,0
1921,7,138,0
1922,7,138,0
1923,7,138,0
1924,7,138,0
1925,7,138,0
1926,7,138,0
1927,7,138,0
1928,7,138,0
1929,7,138,0
1930,7,138,0
1931,7,138,0
1932,7,138,0
1933,7,138,0
1934,7,138,0
1935,7,138,0
1936,7,138,0
1937,7,138,0
1938,7,138,0
1939,7,138,0
1940,7,138,0
1941,7,138,0
1942,7,138,0
1943,7,138,0
1944,7,138,0
1945,7,138,0
1946,7,138,0
1947,7,138,0
1948,7,138,0
1949,7,138,0
1950,7,138,0
1951,7,138,0
1952,7,138,0
1953,7,138,0
1954,7,138,0
1955,7,138,0
1956,7,138,0
1957,7,138,0
1958,7,138,0
1959,7,138,0
1960,7,138,0
1961,7,138,0
1962,7,138,0
1963,7,138,0
1964,7,138,0
1965,7,138,0
1966,7,138,0
1967,7,138,0
1968,7,138,0
1969,7,138,0
1970,7,138,0
1971,7,138,0
1972,7,138,0
1973,7,138,0
1974,7,138,0
1975,7,138,0
1976,7,138,0
1977,7,138,0
1978,7,138,0
1979,7,138,0
1980,7,138,0
1981,7,138,0
1982,7,138,0
1983,7,138,0
1984,7,138,0
1985,7,138,0
1986,7,138,0
1987,7,138,0
1988,7,138,0
1989,7,138,0
1990,7,138,0
1991,7,138,0
1992,7,138,0
1993,7,138,0
1994,7,138,0
1995,7,138,0
1996,7,138,0
1997,7,138,0
1998,7,138,0
1999,7,138,0
2000,7,138,0
2001,7,138,0
2002,7,138,0
2003,7,138,0
2004,7,138,0
2005,7,138,0
2006,7,138,0
2007,7,138,0
2008,7,138,0
2009,7,138,0
2010,7,138,0
2011,7,138,0
2012,7,138,0
2013,7,138,0
2014,7,138,0
2015,7,138,0
2016,7,138,0
2017,7,138,0
2018,7,138,0
2019,7,138,0
2020,7,138,0
2021,7,138,0
2022,7,138,0
2023,7,138,0
2024,7,138,0
2025,7,138,0
2026,7,138,0
2027,7,138,0
2028,7,138,0
2029,7,138,0
2030,7,138,0
2031,7,138,0
2032,7,138,0
2033,7,138,0
2034,7,138,0
2035,7,138,0
2036,7,138,0
2037,7,138,0
2038,7,138,0
2039,7,138,0
2040,7,138,0
2041,7,138,0
2042,7,138,0
2043,7,138,0
2044,7,138,0
2045,7,138,0
2046,7,138,0
2047,7,138,0
2048,7,138,0
2054,4,-128,-10
2055,4,-128,-10
2056,4,-128,-10
2057,4,-128,-10
2058,4,-128,-10
2059,4,-128,-10
2060,4,-128,-10
2061,4,-128,-10
2082,9,169,-1
2083,9,169,-1
2084,9,169,-1
2085,9,169,-1
2086,9,169,-1
2087,9,169,-1
2088,9,169,-1
2089,9,169,-1
2090,9,169,-1
2091,9,169,-1
2092,9,169,-1
2093,9,169,-1
2094,9,169,-1
2095,9,169,-1
2096,9,169,-1
2097,9,169,-1
2098,9,169,-1
2099,9,169,-1
2100,9,169,-1
2101,9,169,-1
2102,9,169,-1
2103,9,169,-1
2104,9,169,-1
2105,9,169,-1
2106,9,169,-1
2107,9,169,-1
2108,9,169,-1
2109,9,169,-1
2110,9,169,-1
2159,10,80,-25
2160,10,80,-25
2161,10,80,-25
2162,10,80,-25
2163,10,80,-25
2164,10,80,-25
2165,10,80,-25
2166,10,80,-25
2167,10,80,-25
2168,10,80,-25
2169,10,80,-25
2170,10,80,-25
2171,10,80,-25
2172,10,80,-25
2173,10,80,-25
2210,2,-51,-27
2211,2,-51,-27
2212,2,-51,-27
2213,2,-51,-27
2214,2,-51,-27
2215,2,-51,-27
2216,2,-51,-27
2217,2,-51,-27
2218,2,-51,-27
2219,2,-51,-27
2220,2,-51,-27
2221,2,-51,-27
2222,2,-51,-27
2223,2,-51,-27
2224,2,-51,-27
2225,2,-51,-27
2226,2,-51,-27
2227,2,-51,-27
2228,2,-51,-27
2229,2,-51,-27
2230,2,-51,-27
2257,6,31,-22
2258,6,31,-22
2259,6,31,-22
2260,6,31,-22
2261,6,31,-22
2262,6,31,-22
2263,6,31,-22
2264,6,31,-22
2265,6,31,-22
2266,6,31,-22
2267,6,31,-22
2268,6,31,-22
2269,6,31,-22
2270,6,31,-22
2271,6,31,-22
2272,6,31,-22
2273,6,31,-22
2274,6,31,-22
2275,6,31,-22
2276,6,31,-22
2277,6,31,-22
2278,6,31,-22
2279,6,31,-22
2280,6,31,-22
2281,6,31,-22
2282,6,31,-22
2283,6,31,-22
2284,6,31,-22
2285,6,31,-22
2286,6,31,-22
2287,6,31,-22
2288,6,31,-22
2289,6,31,-22
2290,6,31,-22
2291,6,31,-22
2292,6,31,-22
2293,6,31,-22
2294,6,31,-22
2295,6,31,-22
2296,6,31,-22
2297,6,31,-22
2298,6,31,-22
2299,6,31,-22
2300,6,31,-22
2301,6,31,-22
2302,6,31,-22
2303,6,31,-22
2304,6,31,-22
2305,6,31,-22
2306,6,31,-22
2307,6,31,-22
2308,6,31,-22
2309,6,31,-22
2310,6,31,-22
2311,6,31,-22
2312,6,31,-22
2313,6,31,-22
2314,6,31,-22
2315,6,31,-22
2316,6,31,-22
2317,6,31,-22
2318,6,31,-22
2319,6,31,-22
2320,6,31,-22
2321,6,31,-22
2322,6,31,-22
2323,6,31,-22
2324,6,31,-22
2325,6,31,-22
2326,6,31,-22
2327,6,31,-22
2328,6,31,-22
2329,6,31,-22
2330,6,31,-22
2331,6,31,-22
2332,6,31,-22
2333,6,31,-22
2334,6,31,-22
2335,6,31,-22
2336,6,31,-22
2337,6,31,-22
2338,6,31,-22
2339,6,31,-22
2340,6,31,-22
2341,6,31,-22
2342,6,31,-22
2343,6,31,-22
2344,6,31,-22
2345,6,31,-22
2346,6,31,-22
2347,6,31,-22
2348,6,31,-22
2349,6,31,-22
2350,6,31,-22
2351,6,31,-22
2352,6,31,-22
2353,6,31,-22
2354,6,31,-22
2355,6,31,-22
2356,6,31,-22
2357,6,31,-22
2358,6,31,-22
2359,6,31,-22
2360,6,31,-22
2361,6,31,-22
2362,6,31,-22
2363,6,31,-22
2364,6,31,-22
2365,6,31,-22
2366,6,31,-22
2367,6,31,-22
2368,6,31,-22
2369,6,31,-22
2370,6,31,-22
2371,6,31,-22
2372,6,31,-22
2373,6,31,-22
2374,6,31,-22
2375,6,31,-22
2376,6,31,-22
2377,6,31,-22
2378,6,31,-22
2379,6,31,-22
2380,6,31,-22
2381,6,31,-22
2382,6,31,-22
2383,6,31,-22
2384,6,31,-22
2385,6,31,-22
2386,6,31,-22
2387,6,31,-22
2388,6,31,-22
2389,6,31,-22
2390,6,31,-22
2391,6,31,-22
2392,6,31,-22
2393,6,31,-22
2394,6,31,-22
2436,1,101,28
2437,1,101,28
2438,1,101,28
2439,1,101,28
2440,1,101,28
2441,1,101,28
2442,1,101,28
2443,1,101,28
2444,1,101,28
2445,1,101,28
2446,1,101,28
2447,1,101,28
2448,1,101,28
2449,1,101,28
2450,1,101,28
2451,1,101,28
2452,1,101,28
2453,1,101,28
2454,1,101,28
2455,1,101,28
2456,1,101,28
2457,1,101,28
2458,1,101,28
2459,1,101,28
2460,1,101,28
2461,1,101,28
2462,1,101,28
2463,1,101,28
2464,1,101,28
2465,1,101,28
2466,1,101,28
2467,1,101,28
2468,1,101,28
2469,1,101,28
2470,1,101,28
2471,1,101,28
2472,1,101,28
2473,1,101,28
2501,5,62,-7
2502,5,62,-7
2503,5,62,-7
2504,5,62,-7
2505,5,62,-7
2506,5,62,-7
2507,5,62,-7
2508,5,62,-7
2509,5,62,-7
2510,5,62,-7
2511,5,62,-7
2512,5,62,-7
2513,5,62,-7
2514,5,62,-7
2515,5,62,-7
2516,5,62,-7
2517,5,62,-7
2518,5,62,-7
2519,5,62,-7
2520,5,62,-7
2521,5,62,-7
2522,5,62,-7
2523,5,62,-7
2524,5,62,-7
2525,5,62,-7
2526,5,62,-7
2527,5,62,-7
2528,5,62,-7
2529,5,62,-7
2530,5,62,-7
2531,5,62,-7
2532,5,62,-7
2533,5,62,-7
2534,5,62,-7
2535,5,62,-7
2536,5,62,-7
2537,5,62,-7
2538,5,62,-7
2539,5,62,-7
2568,6,-33,-26
2569,6,-33,-26
2570,6,-33,-26
2571,6,-33,-26
2572,6,-33,-26
2573,6,-33,-26
2574,6,-33,-26
2575,6,-33,-26
2576,6,-33,-26
2577,6,-33,-26
2578,6,-33,-26
2579,6,-33,-26
2580,6,-33,-26
2581,6,-33,-26
2582,6,-33,-26
2583,6,-33,-26
2584,6,-33,-26
2585,6,-33,-26
2586,6,-33,-26
2587,6,-33,-26
2588,6,-33,-26
2589,6,-33,-26
2590,6,-33,-26
2591,6,-33,-26
2592,6,-33,-26
2593,6,-33,-26
2594,6,-33,-26
2595,6,-33,-26
2596,6,-33,-26
2597,6,-33,-26
2598,6,-33,-26
2599,6,-33,-26
2600,6,-33,-26
2601,6,-33,-26
2602,6,-33,-26
2603,6,-33,-26
2604,6,-33,-26
2605,6,-33,-26
2606,6,-33,-26
2607,6,-33,-26
2608,6,-33,-26
2609,6,-33,-26
2610,6,-33,-26
2611,6,-33,-26
2612,6,-33,-26
2613,6,-33,-26
2614,6,-33,-26
2615,6,-33,-26
2616,6,-33,-26
2617,6,-33,-26
2618,6,-33,-26
2619,6,-33,-26
2620,6,-33,-26
2621,6,-33,-26
2622,6,-33,-26
2623,6,-33,-26
2624,6,-33,-26
2625,6,-33,-26
2626,6,-33,-26
2627,6,-33,-26
2628,6,-33,-26
2629,6,-33,-26
2630,6,-33,-26
2631,6,-33,-26
2632,6,-33,-26
2633,6,-33,-26
2634,6,-33,-26
2635,6,-33,-26
2636,6,-33,-26
2637,6,-33,-26
2638,6,-33,-26
2639,6,-33,-26
2640,6,-33,-26
2641,6,-33,-26
2642,6,-33,-26
2643,6,-33,-26
2644,6,-33,-26
2645,6,-33,-26
2646,6,-33,-26
2647,6,-33,-26
2648,6,-33,-26
2649,6,-33,-26
2650,6,-33,-26
2651,6,-33,-26
2652,6,-33,-26
2653,6,-33,-26
2654,6,-33,-26
2655,6,-33,-26
2656,6,-33,-26
2657,6,-33,-26
2658,6,-33,-26
2659,6,-33,-26
2660,6,-33,-26
2661,6,-33,-26
2662,6,-33,-26
2663,6,-33,-26
2664,6,-33,-26
2665,6,-33,-26
2666,6,-33,-26
2667,6,-33,-26
2668,6,-33,-26
2669,6,-33,-26
2670,6,-33,-26
2671,6,-33,-26
2672,6,-33,-26
2673,6,-33,-26
2674,6,-33,-26
2675,6,-33,-26
2676,6,-33,-26
2677,6,-33,-26
2678,6,-33,-26
2679,6,-33,-26
2680,6,-33,-26
2681,6,-33,-26
2682,6,-33,-26
2714,5,160,-34
2715,5,160,-34
2716,5,160,-34
2717,5,160,-34
2718,5,160,-34
2719,5,160,-34
2720,5,160,-34
2721,5,160,-34
2722,5,160,-34
2723,5,160,-34
2724,5,160,-34
2725,5,160,-34
2726,5,160,-34
2727,5,160,-34
2728,5,160,-34
2729,5,160,-34
2730,5,160,-34
2731,5,160,-34
2732,5,160,-34
2733,5,160,-34
2734,5,160,-34
2735,5,160,-34
2736,5,160,-34
2737,5,160,-34
2738,5,160,-34
2739,5,160,-34
2740,5,160,-34
2741,5,160,-34
2742,5,160,-34
2743,5,160,-34
2744,5,160,-34
2745,5,160,-34
2746,5,160,-34
2747,5,160,-34
2748,5,160,-34
2749,5,160,-34
2750,5,160,-34
2751,5,160,-34
2752,5,160,-34
2753,5,160,-34
2754,5,160,-34
2755,5,160,-34
2756,5,160,-34
2757,5,160,-34
2758,5,160,-34
2759,5,160,-34
2760,5,160,-34
2761,5,160,-34
2762,5,160,-34
2763,5,160,-34
2764,5,160,-34
2765,5,160,-34
2766,5,160,-34
2767,5,160,-34
2878,9,148,39
2879,9,148,39
2880,9,148,39
2881,9,148,39
2882,9,148,39
2883,9,148,39
2884,9,148,39
2885,9,148,39
2886,9,148,39
2887,9,148,39
2888,9,148,39
2889,9,148,39
2890,9,148,39
2891,9,148,39
2892,9,148,39
2893,9,148,39
2894,9,148,39
2895,9,148,39
2896,9,148,39
2897,9,148,39
2898,9,148,39
2899,9,148,39
2900,9,148,39
2901,9,148,39
2902,9,148,39
2903,9,148,39
2904,9,148,39
2905,9,148,39
2906,9,148,39
2907,9,148,39
2908,9,148,39
2909,9,148,39
2910,9,148,39
2911,9,148,39
2912,9,148,39
2913,9,148,39
2914,9,148,39
2915,9,148,39
2916,9,148,39
2917,9,148,39
2918,9,148,39
2919,9,148,39
2920,9,148,39
2921,9,148,39
2922,9,148,39
2923,9,148,39
2924,9,148,39
2925,9,148,39
2926,9,148,39
2927,9,148,39
2928,9,148,39
2929,9,148,39
2930,9,148,39
